Map 3
24 24
8 4
111111111111111111111111
100000000000000000000001
100000000000000000000001
100000000000000000000001
100000000000000000000001
100001100000000011000001
100001100000000011000001
100000000000000000000001
100000000000000000000001
100000000000000000000001
100000000000000000000001
100000000000000000000001
100000000111100000000001
100000000100100000000001
100000000110100000000001
100000000000000000000001
100000000000000000000001
100000000000000000000001
100000000000000000000001
100001000000000011000001
100000000000000011000001
100000000000000000000001
100000000000000000000001
111111111111111111111111

Monster  4  4
Monster 10 13
Monster 19  9
Monster  3 22
